11.718750	-18.36	-72.89
13.183594	-18.80	-51.77
14.648438	-19.30	-22.61
16.113281	-20.61	-22.08
17.578125	-22.28	-9.01
19.042969	-24.02	8.75
20.507812	-24.90	5.66
21.972656	-24.83	7.67
23.437500	-24.37	32.20
24.902344	-23.33	11.30
26.367188	-23.00	32.67
27.832031	-23.28	80.75
29.296875	-23.65	80.13
30.761719	-23.60	16.83
32.226562	-22.61	114.09
33.691406	-20.82	172.54
35.156250	-20.77	-49.87
36.621094	-21.48	-72.42
38.085938	-22.22	-55.81
39.550781	-22.09	-32.90
41.015625	-23.86	-1.91
42.480469	-24.88	0.49
43.945312	-24.90	20.93
45.410156	-24.50	40.30
46.875000	-25.15	43.32
48.339844	-23.70	32.20
49.804688	-21.17	35.45
51.269531	-19.02	22.60
52.734375	-17.01	9.17
54.199219	-15.33	-5.03
55.664062	-14.46	-16.54
57.128906	-13.41	-25.59
58.593750	-12.65	-31.78
60.789356	-11.86	-40.94
62.988281	-11.15	-49.60
64.453125	-10.26	-60.07
65.917969	-9.62	-70.51
68.233742	-9.09	-80.05
70.312500	-8.72	-87.80
72.291130	-8.13	-95.79
74.707031	-7.50	-103.91
76.589783	-6.90	-111.29
79.101562	-6.22	-119.20
81.144051	-5.45	-129.58
83.496094	-4.99	-139.14
85.969131	-4.81	-148.86
88.488213	-4.87	-158.26
91.081116	-5.15	-165.57
93.750000	-5.39	-169.09
96.497086	-5.36	-172.32
99.324669	-4.87	-174.74
102.235100	-4.25	177.50
105.230812	-3.64	167.37
108.314316	-3.69	158.09
111.488167	-3.97	149.85
114.755013	-4.35	144.08
118.117599	-4.56	143.77
121.578712	-4.49	143.34
125.141235	-3.92	140.29
128.808167	-3.37	136.05
132.582520	-3.15	128.66
136.467484	-3.19	122.62
140.466293	-3.19	118.72
144.582260	-3.18	116.16
148.818848	-2.91	113.41
153.179565	-2.01	113.48
157.668076	-0.27	107.21
162.288101	1.31	96.27
167.043503	1.44	77.84
171.938263	0.63	60.39
176.976425	-1.14	51.17
182.162231	-3.42	45.98
187.500000	-5.85	44.87
192.994171	-6.77	55.28
198.649338	-6.95	63.22
204.470200	-6.23	63.64
210.461624	-5.09	61.61
216.628632	-4.02	56.52
222.976334	-3.53	38.86
229.510025	-4.72	39.04
236.235199	-6.37	42.21
243.157425	-7.84	48.12
250.282471	-9.14	56.53
257.616333	-9.83	69.83
265.165039	-8.32	68.01
272.934967	-6.67	63.34
280.932587	-5.96	57.30
289.164520	-4.88	55.17
297.637695	-4.11	49.67
306.359131	-4.38	41.15
315.336151	-4.28	34.11
324.576202	-3.98	30.57
334.087006	-4.55	19.67
343.876526	-4.95	16.42
353.952850	-4.74	18.00
364.324463	-4.85	13.94
375.000000	-5.74	17.26
386.718750	-5.55	27.43
398.437500	-5.25	30.00
410.156250	-5.68	29.55
421.875000	-6.03	35.09
433.593750	-5.36	29.46
445.312500	-5.59	20.81
457.031250	-6.16	29.04
468.750000	-5.53	30.90
486.314850	-4.94	30.44
503.906250	-4.70	28.97
515.625000	-4.52	27.62
527.343750	-4.43	11.64
545.869934	-4.33	6.19
562.500000	-4.23	-0.61
578.329041	-4.07	-5.39
597.656250	-3.75	-8.54
612.718262	-3.37	-10.97
632.812500	-3.23	-14.61
649.152405	-3.51	-20.00
667.968750	-3.87	-20.49
687.753052	-3.98	-22.63
707.905701	-4.52	-28.42
728.648926	-5.16	-33.42
750.000000	-5.50	-25.88
771.976685	-5.97	-24.18
794.597351	-6.38	-20.68
817.880798	-5.91	-19.10
841.846497	-5.87	-17.00
866.514526	-6.46	-24.32
891.905334	-6.77	-28.85
918.040100	-7.21	-33.34
944.940796	-7.58	-30.16
972.629700	-7.76	-28.82
1001.129883	-7.24	-31.58
1030.465332	-7.02	-32.13
1060.660156	-6.42	-36.12
1091.739868	-6.48	-43.93
1123.730347	-7.39	-43.45
1156.658081	-8.34	-41.69
1190.550781	-9.14	-36.39
1225.436523	-10.39	-40.10
1261.344604	-10.99	-40.29
1298.304810	-11.01	-43.70
1336.348022	-11.12	-46.45
1375.506104	-10.79	-67.62
1415.811401	-10.52	-63.88
1457.297852	-10.44	-63.46
1500.000000	-9.64	-65.22
1543.953369	-8.53	-67.60
1589.194702	-8.24	-52.91
1635.761597	-8.00	-52.55
1683.692993	-8.01	-49.03
1733.029053	-9.06	-49.92
1783.810669	-10.25	-49.58
1836.080200	-10.91	-51.20
1889.881592	-11.39	-58.20
1945.259399	-11.13	-57.40
2002.259766	-10.63	-57.95
2060.930664	-10.74	-62.96
2121.320312	-11.33	-72.31
2183.479736	-11.90	-79.33
2247.460693	-13.02	-104.63
2313.316162	-14.05	-117.27
2381.101562	-14.54	-126.38
2450.873047	-15.36	-132.56
2522.689209	-15.49	-130.11
2596.609619	-15.41	-139.55
2672.696045	-15.53	-159.25
2751.012207	-15.57	176.84
2831.622803	-15.20	150.48
2914.595703	-14.99	131.75
3000.000000	-14.80	112.25
3093.750000	-14.48	90.45
3187.500000	-14.56	80.36
3281.250000	-14.05	72.18
3375.000000	-14.16	72.13
3468.750000	-14.48	71.69
3562.500000	-13.98	77.37
3656.250000	-13.34	74.27
3750.000000	-13.16	69.02
3890.518799	-12.61	57.28
4031.250000	-12.29	48.32
4125.000000	-12.28	37.67
4218.750000	-11.86	38.49
4366.959473	-11.58	34.56
4500.000000	-12.17	23.84
4626.632324	-12.89	12.60
4781.250000	-14.10	3.96
4901.746094	-15.63	3.88
5062.500000	-16.42	6.14
5193.219238	-15.99	5.09
5343.750000	-15.46	11.99
5502.024414	-15.18	14.01
5663.245605	-14.53	5.64
5829.191406	-14.31	0.02
6000.000000	-14.90	4.69
6187.500000	-15.38	-1.77
6375.000000	-15.42	0.84
6562.500000	-15.93	2.98
6750.000000	-16.29	8.21
6937.500000	-16.08	10.24
7125.000000	-16.23	11.02
7312.500000	-15.77	13.53
7500.000000	-15.51	7.44
7781.037598	-15.71	2.98
8062.500000	-15.87	8.00
8250.000000	-15.97	14.60
8437.500000	-16.50	15.08
8733.918945	-16.57	18.69
9000.000000	-16.06	26.27
9253.264648	-16.36	21.13
9562.500000	-16.04	16.79
9803.492188	-15.88	16.80
10125.000000	-16.30	12.45
10386.438477	-16.99	2.35
10687.500000	-16.98	-6.20
11004.048828	-17.48	-6.87
11326.491211	-17.98	-11.02
11658.382812	-18.46	-5.80
12000.000000	-18.70	-3.44
12351.626953	-19.33	3.47
12713.557617	-19.93	3.08
13086.092773	-20.37	0.49
13469.543945	-20.44	5.47
13864.232422	-21.25	12.05
14270.485352	-22.08	10.30
14688.641602	-23.28	22.62
15119.052734	-24.75	30.15
15562.075195	-26.60	21.83
16018.078125	-28.05	19.58
16487.445312	-28.90	27.66
16970.562500	-29.54	26.52
17467.837891	-29.94	31.70
17979.685547	-30.32	46.70
18506.529297	-31.15	47.40
19048.812500	-32.55	49.80
19606.984375	-33.22	60.86
20181.513672	-33.96	97.56
20772.876953	-34.15	141.73
21381.568359	-34.03	164.45
22008.097656	-33.32	173.10
22652.982422	-33.20	168.47
23316.765625	-32.98	163.73
24000.000000	-32.98	161.26
