11.718750	-22.76	-47.32
13.183594	-23.39	-3.43
14.648438	-24.33	40.49
16.113281	-23.69	100.72
17.578125	-24.02	44.71
19.042969	-24.38	88.73
20.507812	-24.74	81.89
21.972656	-23.90	29.12
23.437500	-23.58	9.96
24.902344	-22.69	13.32
26.367188	-22.26	10.28
27.832031	-21.53	23.73
29.296875	-21.63	50.79
30.761719	-20.66	84.26
32.226562	-20.58	87.05
33.691406	-20.02	65.59
35.156250	-20.07	36.49
36.621094	-20.26	18.85
38.085938	-21.72	1.10
39.550781	-22.94	9.22
41.015625	-23.88	19.78
42.480469	-23.23	18.90
43.945312	-22.67	27.95
45.410156	-21.60	35.95
46.875000	-19.26	41.97
48.339844	-16.96	41.64
49.804688	-15.80	35.33
51.269531	-13.93	22.89
52.734375	-12.92	14.33
54.199219	-11.84	4.49
55.664062	-11.04	-4.45
57.128906	-9.94	-15.10
58.593750	-8.64	-26.72
60.789356	-7.09	-38.75
62.988281	-6.05	-49.87
64.453125	-5.05	-62.39
65.917969	-3.99	-73.50
68.233742	-3.57	-81.43
70.312500	-2.95	-89.30
72.291130	-2.44	-99.71
74.707031	-1.97	-107.82
76.589783	-1.81	-116.79
79.101562	-1.51	-126.28
81.144051	-1.26	-135.45
83.496094	-1.03	-144.57
85.969131	-0.99	-154.12
88.488213	-0.99	-163.66
91.081116	-1.18	-172.02
93.750000	-1.56	-177.61
96.497086	-1.67	-179.35
99.324669	-1.40	176.71
102.235100	-0.91	171.40
105.230812	-0.51	164.59
108.314316	-0.42	158.20
111.488167	-0.64	151.71
114.755013	-0.71	146.89
118.117599	-0.79	144.99
121.578712	-0.62	143.03
125.141235	-0.11	139.08
128.808167	0.64	133.80
132.582520	0.79	128.13
136.467484	0.58	123.16
140.466293	0.31	119.47
144.582260	0.14	115.65
148.818848	-0.06	112.67
153.179565	0.30	111.88
157.668076	1.27	105.44
162.288101	1.83	94.84
167.043503	1.49	87.12
171.938263	1.29	82.90
176.976425	0.81	77.59
182.162231	-0.21	77.24
187.500000	-0.69	82.01
192.994171	-0.16	83.31
198.649338	0.16	79.59
204.470200	0.38	76.07
210.461624	0.95	70.96
216.628632	1.48	62.10
222.976334	0.55	56.97
229.510025	0.65	56.79
236.235199	0.94	57.33
243.157425	0.39	56.21
250.282471	-0.33	58.35
257.616333	0.64	58.25
265.165039	0.29	54.08
272.934967	-0.30	44.37
280.932587	-0.36	51.94
289.164520	-0.35	53.28
297.637695	-0.50	55.02
306.359131	0.19	55.67
315.336151	0.53	61.18
324.576202	0.62	48.02
334.087006	1.37	41.81
343.876526	1.51	34.64
353.952850	0.68	28.86
364.324463	0.38	24.68
375.000000	0.28	25.43
386.718750	-0.29	24.77
398.437500	-0.53	24.37
410.156250	-0.39	24.69
421.875000	-0.53	22.74
433.593750	-0.72	21.04
445.312500	-0.94	22.33
457.031250	-0.96	23.82
468.750000	-0.75	22.89
486.314850	-0.54	23.78
503.906250	0.05	24.54
515.625000	0.50	21.43
527.343750	0.68	18.33
545.869934	0.90	14.99
562.500000	1.18	10.28
578.329041	1.17	7.20
597.656250	0.84	5.26
612.718262	0.56	1.71
632.812500	0.26	2.79
649.152405	0.07	3.27
667.968750	-0.04	5.15
687.753052	0.01	5.56
707.905701	0.27	5.46
728.648926	-0.27	1.79
750.000000	-0.42	2.96
771.976685	-0.86	1.70
794.597351	-0.68	-0.57
817.880798	-0.64	-0.59
841.846497	-0.05	2.13
866.514526	-0.02	-0.55
891.905334	0.56	-4.01
918.040100	0.79	-5.45
944.940796	0.90	-8.46
972.629700	0.82	-10.90
1001.129883	0.88	-12.28
1030.465332	0.60	-13.35
1060.660156	-0.08	-14.38
1091.739868	-0.38	-11.77
1123.730347	-0.61	-12.78
1156.658081	-0.68	-13.97
1190.550781	-0.76	-16.28
1225.436523	-0.69	-18.49
1261.344604	-0.84	-22.45
1298.304810	-1.02	-24.09
1336.348022	-1.25	-24.39
1375.506104	-1.65	-23.69
1415.811401	-1.57	-19.11
1457.297852	-1.32	-13.71
1500.000000	-0.51	-11.44
1543.953369	0.52	-13.20
1589.194702	1.85	-16.23
1635.761597	2.71	-26.20
1683.692993	3.19	-38.82
1733.029053	3.00	-48.21
1783.810669	2.55	-53.60
1836.080200	2.11	-59.79
1889.881592	1.74	-62.82
1945.259399	1.47	-65.01
2002.259766	1.44	-69.18
2060.930664	1.26	-75.92
2121.320312	1.00	-82.37
2183.479736	0.63	-90.45
2247.460693	0.05	-99.73
2313.316162	-0.82	-107.38
2381.101562	-1.62	-116.78
2450.873047	-2.65	-127.66
2522.689209	-3.86	-138.55
2596.609619	-5.03	-148.05
2672.696045	-6.07	-162.08
2751.012207	-7.29	-176.38
2831.622803	-8.72	174.67
2914.595703	-9.81	164.59
3000.000000	-10.74	151.80
3093.750000	-11.19	143.17
3187.500000	-11.09	133.18
3281.250000	-10.47	118.76
3375.000000	-9.95	102.99
3468.750000	-9.02	91.12
3562.500000	-8.01	83.92
3656.250000	-7.22	75.43
3750.000000	-6.41	65.28
3890.518799	-5.26	60.80
4031.250000	-4.57	50.57
4125.000000	-4.64	37.68
4218.750000	-4.47	28.95
4366.959473	-4.41	21.81
4500.000000	-4.67	13.82
4626.632324	-4.86	11.19
4781.250000	-4.73	8.38
4901.746094	-4.86	7.46
5062.500000	-4.91	7.50
5193.219238	-4.55	3.46
5343.750000	-4.02	0.22
5502.024414	-3.50	-3.70
5663.245605	-3.04	-7.69
5829.191406	-2.70	-13.20
6000.000000	-2.69	-14.42
6187.500000	-3.03	-18.67
6375.000000	-3.21	-24.08
6562.500000	-3.39	-26.34
6750.000000	-3.12	-29.90
6937.500000	-3.05	-34.66
7125.000000	-2.75	-40.04
7312.500000	-2.68	-44.78
7500.000000	-3.29	-54.06
7781.037598	-4.38	-59.63
8062.500000	-5.57	-62.31
8250.000000	-6.77	-58.94
8437.500000	-7.35	-55.52
8733.918945	-7.25	-52.23
9000.000000	-7.08	-50.32
9253.264648	-6.81	-51.55
9562.500000	-6.51	-57.00
9803.492188	-6.85	-61.16
10125.000000	-7.21	-65.33
10386.438477	-7.67	-67.61
10687.500000	-8.11	-69.11
11004.048828	-8.94	-71.02
11326.491211	-9.82	-72.71
11658.382812	-10.85	-72.62
12000.000000	-11.84	-72.86
12351.626953	-12.68	-71.43
12713.557617	-13.42	-69.68
13086.092773	-14.40	-62.92
13469.543945	-15.80	-56.17
13864.232422	-16.68	-42.08
14270.485352	-17.35	-31.61
14688.641602	-18.27	-20.28
15119.052734	-19.06	-12.27
15562.075195	-19.03	-1.29
16018.078125	-19.55	-5.34
16487.445312	-20.38	8.00
16970.562500	-20.08	26.98
17467.837891	-19.55	43.43
17979.685547	-19.15	58.57
18506.529297	-18.17	77.61
19048.812500	-16.49	85.17
19606.984375	-15.05	84.64
20181.513672	-13.19	85.12
20772.876953	-11.37	81.08
21381.568359	-10.18	68.52
22008.097656	-9.94	52.41
22652.982422	-9.77	44.21
23316.765625	-10.06	35.47
24000.000000	-10.69	24.50
